SampleNumber	Tile	NumberOfReadsRaw	NumberOfReadsPF
0	1101	611738	560760
1	1101	8	8
2	1101	94	87
3	1101	15	12
4	1101	24	21
5	1101	40	39
6	1101	6	5
7	1101	1	1
8	1101	6	5
9	1101	573	522
10	1101	926	839
11	1101	602	541
12	1101	363	301
13	1101	75	68
14	1101	291	256
15	1101	948	840
16	1101	478	420
17	1101	63	58
18	1101	314	273
19	1101	384	344
20	1101	143	128
21	1101	203	180
22	1101	291	255
23	1101	283	253
24	1101	155	140
25	1101	71	58
26	1101	215	183
27	1101	229	169
28	1101	204	176
29	1101	236	199
30	1101	321	278
31	1101	451	399
32	1101	297	260
33	1101	47	38
34	1101	346	304
35	1101	385	349
36	1101	123	109
37	1101	522	467
38	1101	198	188
39	1101	305	285
40	1101	42	37
41	1101	252	226
42	1101	483	409
43	1101	949	823
44	1101	230	193
45	1101	109	101
46	1101	106	95
47	1101	50	47
48	1101	60	53
49	1101	170	153
50	1101	45363	42064
51	1101	239	213
52	1101	201	181
53	1101	417	368
54	1101	50	39
55	1101	178	159
56	1101	109	92
57	1101	49	44
58	1101	53	46
59	1101	36	28
60	1101	95	89
61	1101	175	158
62	1101	60	51
63	1101	118	106
64	1101	118	106
65	1101	48	41
66	1101	253	228
67	1101	155	139
68	1101	106	92
69	1101	134	118
70	1101	97	90
71	1101	273	236
72	1101	168	145
73	1101	37	34
74	1101	797	710
75	1101	608	539
76	1101	751	659
77	1101	560	497
78	1101	969	835
79	1101	490	434
80	1101	476	437
81	1101	67	60
82	1101	121	105
83	1101	54	47
84	1101	17	17
85	1101	68	62
86	1101	336	293
87	1101	250	221
88	1101	1240	1098
89	1101	72	58
90	1101	865	782
91	1101	152	123
92	1101	226	201
93	1101	331	312
94	1101	183	169
95	1101	265	227
96	1101	329	291
0	1102	611076	560794
1	1102	10	10
2	1102	107	94
3	1102	20	17
4	1102	30	30
5	1102	51	47
6	1102	12	12
7	1102	2	1
8	1102	6	4
9	1102	568	516
10	1102	861	783
11	1102	627	552
12	1102	383	323
13	1102	66	62
14	1102	297	263
15	1102	902	790
16	1102	457	405
17	1102	71	59
18	1102	349	318
19	1102	438	391
20	1102	150	132
21	1102	212	188
22	1102	264	233
23	1102	253	227
24	1102	165	145
25	1102	70	65
26	1102	218	193
27	1102	196	136
28	1102	199	171
29	1102	201	179
30	1102	307	269
31	1102	480	421
32	1102	273	233
33	1102	50	42
34	1102	345	304
35	1102	359	314
36	1102	116	102
37	1102	535	475
38	1102	175	163
39	1102	298	268
40	1102	50	47
41	1102	212	187
42	1102	474	412
43	1102	894	780
44	1102	253	230
45	1102	102	86
46	1102	90	79
47	1102	40	35
48	1102	54	51
49	1102	186	161
50	1102	45153	42009
51	1102	224	207
52	1102	208	177
53	1102	425	380
54	1102	60	49
55	1102	175	167
56	1102	97	86
57	1102	57	50
58	1102	53	46
59	1102	30	23
60	1102	97	93
61	1102	197	175
62	1102	94	82
63	1102	126	112
64	1102	107	98
65	1102	36	36
66	1102	235	213
67	1102	132	114
68	1102	99	92
69	1102	147	132
70	1102	98	83
71	1102	277	249
72	1102	156	139
73	1102	50	43
74	1102	777	686
75	1102	597	528
76	1102	756	685
77	1102	572	505
78	1102	960	842
79	1102	512	442
80	1102	503	457
81	1102	58	45
82	1102	120	108
83	1102	48	39
84	1102	22	18
85	1102	93	81
86	1102	345	318
87	1102	240	209
88	1102	1170	1052
89	1102	68	54
90	1102	835	740
91	1102	147	121
92	1102	271	241
93	1102	296	274
94	1102	179	170
95	1102	271	231
96	1102	299	257
0	1103	614705	563066
1	1103	10	10
2	1103	119	99
3	1103	22	16
4	1103	20	17
5	1103	50	44
6	1103	9	8
7	1103	2	2
8	1103	2	2
9	1103	529	474
10	1103	881	789
11	1103	616	550
12	1103	339	296
13	1103	71	66
14	1103	308	267
15	1103	853	752
16	1103	450	392
17	1103	67	62
18	1103	313	276
19	1103	373	330
20	1103	133	117
21	1103	193	172
22	1103	236	208
23	1103	244	227
24	1103	190	168
25	1103	68	59
26	1103	188	162
27	1103	247	151
28	1103	178	152
29	1103	249	219
30	1103	275	242
31	1103	444	406
32	1103	270	238
33	1103	57	49
34	1103	324	294
35	1103	371	336
36	1103	120	105
37	1103	568	496
38	1103	176	158
39	1103	337	304
40	1103	58	55
41	1103	242	215
42	1103	480	417
43	1103	955	840
44	1103	277	236
45	1103	95	86
46	1103	120	109
47	1103	55	45
48	1103	56	54
49	1103	174	151
50	1103	45601	42228
51	1103	224	199
52	1103	200	171
53	1103	418	372
54	1103	60	46
55	1103	193	179
56	1103	109	100
57	1103	65	57
58	1103	64	58
59	1103	26	16
60	1103	78	71
61	1103	190	166
62	1103	78	65
63	1103	90	79
64	1103	98	86
65	1103	51	43
66	1103	234	209
67	1103	150	131
68	1103	102	95
69	1103	132	123
70	1103	108	98
71	1103	273	254
72	1103	186	161
73	1103	41	36
74	1103	797	706
75	1103	639	552
76	1103	738	646
77	1103	554	501
78	1103	975	834
79	1103	496	446
80	1103	429	381
81	1103	80	71
82	1103	128	108
83	1103	60	49
84	1103	25	24
85	1103	74	66
86	1103	308	278
87	1103	267	233
88	1103	1174	1048
89	1103	79	65
90	1103	901	790
91	1103	178	148
92	1103	234	205
93	1103	314	286
94	1103	168	151
95	1103	268	236
96	1103	281	252
0	1104	614346	560805
1	1104	10	9
2	1104	112	99
3	1104	20	18
4	1104	36	35
5	1104	41	38
6	1104	7	7
8	1104	5	4
9	1104	525	476
10	1104	804	728
11	1104	624	540
12	1104	357	293
13	1104	68	62
14	1104	310	269
15	1104	863	745
16	1104	431	383
17	1104	60	55
18	1104	305	269
19	1104	416	375
20	1104	144	131
21	1104	218	196
22	1104	258	225
23	1104	222	206
24	1104	165	145
25	1104	64	57
26	1104	187	160
27	1104	1660	1593
28	1104	179	159
29	1104	238	215
30	1104	250	210
31	1104	442	383
32	1104	264	233
33	1104	50	42
34	1104	323	294
35	1104	340	303
36	1104	118	102
37	1104	522	460
38	1104	171	156
39	1104	342	311
40	1104	43	39
41	1104	218	196
42	1104	423	378
43	1104	960	824
44	1104	250	215
45	1104	91	75
46	1104	113	100
47	1104	45	37
48	1104	64	60
49	1104	150	122
50	1104	44451	40904
51	1104	233	207
52	1104	197	178
53	1104	417	374
54	1104	58	49
55	1104	144	134
56	1104	124	105
57	1104	56	49
58	1104	67	60
59	1104	26	22
60	1104	109	99
61	1104	188	157
62	1104	83	73
63	1104	92	80
64	1104	107	95
65	1104	43	35
66	1104	242	217
67	1104	131	114
68	1104	107	94
69	1104	162	141
70	1104	99	89
71	1104	260	242
72	1104	194	170
73	1104	29	23
74	1104	815	705
75	1104	592	515
76	1104	726	644
77	1104	571	505
78	1104	894	780
79	1104	508	444
80	1104	468	412
81	1104	59	51
82	1104	109	99
83	1104	52	43
84	1104	15	15
85	1104	90	81
86	1104	278	244
87	1104	234	204
88	1104	1209	1060
89	1104	65	52
90	1104	830	737
91	1104	135	111
92	1104	205	185
93	1104	304	275
94	1104	172	153
95	1104	272	228
96	1104	336	305
0	1105	619424	565199
1	1105	10	9
2	1105	114	104
3	1105	20	17
4	1105	25	25
5	1105	42	36
6	1105	3	2
8	1105	8	7
9	1105	544	496
10	1105	902	801
11	1105	567	502
12	1105	346	285
13	1105	62	54
14	1105	285	249
15	1105	831	726
16	1105	384	347
17	1105	60	54
18	1105	347	315
19	1105	425	388
20	1105	121	100
21	1105	191	167
22	1105	260	225
23	1105	222	198
24	1105	159	134
25	1105	81	76
26	1105	206	179
27	1105	199	152
28	1105	201	169
29	1105	226	191
30	1105	265	228
31	1105	466	405
32	1105	312	275
33	1105	43	36
34	1105	324	282
35	1105	341	292
36	1105	93	83
37	1105	515	464
38	1105	192	171
39	1105	289	268
40	1105	51	49
41	1105	233	207
42	1105	428	375
43	1105	963	831
44	1105	258	229
45	1105	97	87
46	1105	93	82
47	1105	40	33
48	1105	59	55
49	1105	163	145
50	1105	45823	42277
51	1105	214	185
52	1105	191	173
53	1105	420	371
54	1105	62	43
55	1105	152	140
56	1105	121	111
57	1105	47	36
58	1105	52	46
59	1105	36	31
60	1105	95	85
61	1105	188	164
62	1105	79	71
63	1105	114	100
64	1105	105	91
65	1105	33	29
66	1105	250	230
67	1105	161	142
68	1105	98	85
69	1105	133	114
70	1105	108	101
71	1105	271	248
72	1105	148	131
73	1105	30	23
74	1105	757	663
75	1105	567	495
76	1105	664	590
77	1105	568	497
78	1105	876	744
79	1105	524	459
80	1105	418	377
81	1105	62	55
82	1105	129	107
83	1105	34	27
84	1105	19	19
85	1105	81	75
86	1105	305	268
87	1105	239	200
88	1105	1196	1057
89	1105	74	67
90	1105	796	704
91	1105	147	121
92	1105	244	214
93	1105	319	290
94	1105	156	137
95	1105	260	225
96	1105	311	272
0	1106	619074	566267
1	1106	6	5
2	1106	87	69
3	1106	20	18
4	1106	26	24
5	1106	40	37
6	1106	5	5
8	1106	6	5
9	1106	559	517
10	1106	872	778
11	1106	618	563
12	1106	358	292
13	1106	85	76
14	1106	322	283
15	1106	829	723
16	1106	364	319
17	1106	75	63
18	1106	327	298
19	1106	412	371
20	1106	119	102
21	1106	214	195
22	1106	258	223
23	1106	262	233
24	1106	146	125
25	1106	55	52
26	1106	220	186
27	1106	167	142
28	1106	179	152
29	1106	217	194
30	1106	277	244
31	1106	453	395
32	1106	276	239
33	1106	49	41
34	1106	292	255
35	1106	329	289
36	1106	111	99
37	1106	510	448
38	1106	192	176
39	1106	321	283
40	1106	60	52
41	1106	237	212
42	1106	438	392
43	1106	934	817
44	1106	267	229
45	1106	115	104
46	1106	125	116
47	1106	38	29
48	1106	55	51
49	1106	183	157
50	1106	45710	42153
51	1106	225	206
52	1106	210	180
53	1106	389	352
54	1106	58	42
55	1106	170	159
56	1106	108	101
57	1106	44	37
58	1106	29	24
59	1106	35	29
60	1106	96	86
61	1106	164	146
62	1106	77	68
63	1106	113	102
64	1106	95	87
65	1106	40	33
66	1106	240	220
67	1106	117	102
68	1106	104	95
69	1106	130	116
70	1106	97	83
71	1106	262	230
72	1106	186	153
73	1106	30	24
74	1106	807	708
75	1106	528	456
76	1106	707	624
77	1106	551	480
78	1106	860	745
79	1106	503	447
80	1106	456	397
81	1106	65	60
82	1106	115	105
83	1106	48	36
84	1106	12	11
85	1106	62	56
86	1106	293	248
87	1106	205	172
88	1106	1193	1062
89	1106	54	39
90	1106	851	766
91	1106	140	110
92	1106	211	185
93	1106	305	278
94	1106	177	157
95	1106	230	202
96	1106	318	272
0	1107	620271	567197
1	1107	10	9
2	1107	86	82
3	1107	31	24
4	1107	27	27
5	1107	50	46
6	1107	10	8
7	1107	1	1
8	1107	4	4
9	1107	564	509
10	1107	865	774
11	1107	598	556
12	1107	347	289
13	1107	56	53
14	1107	307	269
15	1107	779	689
16	1107	402	348
17	1107	72	63
18	1107	307	277
19	1107	417	384
20	1107	108	89
21	1107	188	169
22	1107	222	187
23	1107	256	226
24	1107	146	134
25	1107	78	69
26	1107	205	178
27	1107	179	124
28	1107	180	156
29	1107	216	194
30	1107	255	220
31	1107	399	343
32	1107	260	228
33	1107	47	43
34	1107	328	280
35	1107	341	288
36	1107	107	96
37	1107	479	430
38	1107	161	147
39	1107	299	272
40	1107	37	33
41	1107	241	208
42	1107	456	396
43	1107	931	824
44	1107	253	226
45	1107	91	84
46	1107	100	89
47	1107	38	36
48	1107	54	50
49	1107	167	148
50	1107	45916	42558
51	1107	205	181
52	1107	207	180
53	1107	402	350
54	1107	51	36
55	1107	148	137
56	1107	111	103
57	1107	42	32
58	1107	51	43
59	1107	25	19
60	1107	92	85
61	1107	155	143
62	1107	80	70
63	1107	107	101
64	1107	112	99
65	1107	57	46
66	1107	265	243
67	1107	153	132
68	1107	94	89
69	1107	115	99
70	1107	98	86
71	1107	262	235
72	1107	134	120
73	1107	36	33
74	1107	749	676
75	1107	567	480
76	1107	673	609
77	1107	566	513
78	1107	870	753
79	1107	463	408
80	1107	385	348
81	1107	64	56
82	1107	132	114
83	1107	38	31
84	1107	18	15
85	1107	78	71
86	1107	285	249
87	1107	252	206
88	1107	1131	1010
89	1107	70	62
90	1107	843	747
91	1107	130	105
92	1107	214	195
93	1107	325	291
94	1107	167	160
95	1107	235	209
96	1107	309	270
0	1108	622693	568591
1	1108	10	9
2	1108	123	106
3	1108	22	19
4	1108	25	24
5	1108	41	38
6	1108	8	6
8	1108	8	8
9	1108	541	496
10	1108	806	721
11	1108	585	521
12	1108	350	300
13	1108	66	62
14	1108	313	275
15	1108	755	676
16	1108	352	313
17	1108	70	62
18	1108	322	290
19	1108	397	358
20	1108	138	128
21	1108	192	170
22	1108	239	207
23	1108	230	206
24	1108	127	111
25	1108	76	69
26	1108	206	162
27	1108	161	133
28	1108	178	162
29	1108	210	179
30	1108	241	214
31	1108	425	364
32	1108	264	230
33	1108	40	36
34	1108	305	268
35	1108	329	290
36	1108	106	97
37	1108	485	425
38	1108	181	166
39	1108	293	258
40	1108	40	34
41	1108	219	192
42	1108	404	354
43	1108	892	782
44	1108	236	205
45	1108	90	86
46	1108	99	91
47	1108	38	34
48	1108	65	62
49	1108	161	147
50	1108	45818	42382
51	1108	213	186
52	1108	189	171
53	1108	404	349
54	1108	49	38
55	1108	151	143
56	1108	112	100
57	1108	57	51
58	1108	55	50
59	1108	29	19
60	1108	90	84
61	1108	163	138
62	1108	61	51
63	1108	110	100
64	1108	80	73
65	1108	37	34
66	1108	232	216
67	1108	142	128
68	1108	121	112
69	1108	117	105
70	1108	106	93
71	1108	310	288
72	1108	157	140
73	1108	29	25
74	1108	758	672
75	1108	544	474
76	1108	686	629
77	1108	499	449
78	1108	790	691
79	1108	454	385
80	1108	416	374
81	1108	69	59
82	1108	117	98
83	1108	41	34
84	1108	17	15
85	1108	67	63
86	1108	302	258
87	1108	232	197
88	1108	1084	963
89	1108	60	50
90	1108	817	729
91	1108	151	116
92	1108	223	200
93	1108	320	293
94	1108	167	149
95	1108	225	199
96	1108	288	256
0	1109	621741	564211
1	1109	5	5
2	1109	111	99
3	1109	11	10
4	1109	28	27
5	1109	43	37
6	1109	8	6
7	1109	2	1
8	1109	10	9
9	1109	495	449
10	1109	832	750
11	1109	598	532
12	1109	377	315
13	1109	69	60
14	1109	277	242
15	1109	673	591
16	1109	377	324
17	1109	55	51
18	1109	318	294
19	1109	403	365
20	1109	102	83
21	1109	206	167
22	1109	241	213
23	1109	226	200
24	1109	144	131
25	1109	49	47
26	1109	225	186
27	1109	149	115
28	1109	158	139
29	1109	209	183
30	1109	232	199
31	1109	419	379
32	1109	256	220
33	1109	35	33
34	1109	319	277
35	1109	314	268
36	1109	94	85
37	1109	531	457
38	1109	172	156
39	1109	280	248
40	1109	39	35
41	1109	229	209
42	1109	403	354
43	1109	855	720
44	1109	249	207
45	1109	91	85
46	1109	87	76
47	1109	32	28
48	1109	56	49
49	1109	163	149
50	1109	45962	42353
51	1109	229	205
52	1109	171	154
53	1109	423	375
54	1109	43	29
55	1109	159	149
56	1109	97	86
57	1109	33	29
58	1109	46	36
59	1109	20	16
60	1109	81	75
61	1109	150	135
62	1109	69	65
63	1109	105	96
64	1109	91	81
65	1109	38	33
66	1109	237	208
67	1109	135	110
68	1109	90	81
69	1109	111	93
70	1109	73	66
71	1109	259	228
72	1109	149	134
73	1109	21	20
74	1109	756	665
75	1109	500	447
76	1109	690	626
77	1109	542	479
78	1109	743	632
79	1109	440	391
80	1109	369	338
81	1109	70	68
82	1109	119	98
83	1109	40	31
84	1109	10	9
85	1109	75	70
86	1109	266	239
87	1109	205	181
88	1109	1073	938
89	1109	63	55
90	1109	811	729
91	1109	122	91
92	1109	197	176
93	1109	304	284
94	1109	183	169
95	1109	237	209
96	1109	253	231
0	1110	624733	565182
1	1110	12	11
2	1110	87	76
3	1110	21	20
4	1110	37	35
5	1110	41	34
6	1110	6	6
7	1110	2	2
8	1110	5	4
9	1110	538	476
10	1110	855	761
11	1110	609	532
12	1110	339	289
13	1110	53	46
14	1110	229	200
15	1110	702	619
16	1110	387	321
17	1110	59	54
18	1110	305	282
19	1110	377	347
20	1110	95	84
21	1110	191	168
22	1110	208	178
23	1110	228	199
24	1110	131	116
25	1110	50	44
26	1110	182	158
27	1110	171	116
28	1110	165	146
29	1110	219	188
30	1110	256	224
31	1110	412	368
32	1110	258	224
33	1110	41	32
34	1110	265	238
35	1110	289	254
36	1110	88	74
37	1110	474	411
38	1110	166	145
39	1110	297	262
40	1110	44	40
41	1110	207	181
42	1110	428	383
43	1110	863	748
44	1110	235	198
45	1110	93	83
46	1110	79	75
47	1110	26	20
48	1110	45	41
49	1110	148	135
50	1110	46550	42516
51	1110	185	167
52	1110	153	133
53	1110	401	357
54	1110	51	38
55	1110	157	147
56	1110	96	84
57	1110	42	38
58	1110	46	42
59	1110	24	15
60	1110	72	68
61	1110	132	109
62	1110	63	54
63	1110	131	112
64	1110	89	79
65	1110	40	35
66	1110	237	213
67	1110	133	110
68	1110	90	84
69	1110	111	95
70	1110	92	81
71	1110	234	208
72	1110	131	103
73	1110	27	23
74	1110	737	637
75	1110	524	461
76	1110	686	627
77	1110	500	448
78	1110	775	665
79	1110	430	380
80	1110	370	331
81	1110	57	48
82	1110	98	86
83	1110	35	32
84	1110	21	19
85	1110	79	69
86	1110	259	231
87	1110	208	173
88	1110	1008	891
89	1110	67	55
90	1110	813	721
91	1110	131	105
92	1110	223	204
93	1110	318	289
94	1110	149	135
95	1110	194	159
96	1110	288	249
0	1111	626206	563705
1	1111	6	6
2	1111	85	73
3	1111	28	23
4	1111	30	28
5	1111	38	30
6	1111	9	8
7	1111	2	2
8	1111	8	6
9	1111	543	481
10	1111	863	765
11	1111	608	535
12	1111	330	275
13	1111	58	54
14	1111	249	215
15	1111	680	596
16	1111	327	290
17	1111	68	55
18	1111	310	288
19	1111	373	335
20	1111	102	86
21	1111	172	145
22	1111	179	156
23	1111	223	199
24	1111	127	115
25	1111	50	41
26	1111	210	178
27	1111	186	122
28	1111	134	118
29	1111	218	193
30	1111	228	195
31	1111	371	318
32	1111	243	203
33	1111	37	33
34	1111	285	238
35	1111	308	267
36	1111	88	78
37	1111	466	400
38	1111	174	145
39	1111	252	222
40	1111	42	36
41	1111	204	178
42	1111	386	332
43	1111	872	744
44	1111	234	207
45	1111	70	61
46	1111	89	82
47	1111	20	18
48	1111	53	48
49	1111	138	126
50	1111	46208	42038
51	1111	202	171
52	1111	172	150
53	1111	415	359
54	1111	42	30
55	1111	164	149
56	1111	118	97
57	1111	52	43
58	1111	38	31
59	1111	22	19
60	1111	81	75
61	1111	141	122
62	1111	73	65
63	1111	90	81
64	1111	62	55
65	1111	35	29
66	1111	254	222
67	1111	141	122
68	1111	108	100
69	1111	133	116
70	1111	81	74
71	1111	245	220
72	1111	115	94
73	1111	23	17
74	1111	693	601
75	1111	499	417
76	1111	672	597
77	1111	518	470
78	1111	622	538
79	1111	445	379
80	1111	381	335
81	1111	55	47
82	1111	98	88
83	1111	38	31
84	1111	10	9
85	1111	81	72
86	1111	244	219
87	1111	227	195
88	1111	1013	892
89	1111	52	40
90	1111	814	701
91	1111	127	100
92	1111	206	176
93	1111	287	261
94	1111	166	145
95	1111	213	178
96	1111	251	218
0	1112	624435	557775
1	1112	3	2
2	1112	87	66
3	1112	19	17
4	1112	24	22
5	1112	31	26
6	1112	12	11
8	1112	6	4
9	1112	528	467
10	1112	818	732
11	1112	547	478
12	1112	335	290
13	1112	82	75
14	1112	245	206
15	1112	689	608
16	1112	313	262
17	1112	41	39
18	1112	339	296
19	1112	404	363
20	1112	89	74
21	1112	157	147
22	1112	219	193
23	1112	221	195
24	1112	127	105
25	1112	50	39
26	1112	182	147
27	1112	262	127
28	1112	143	122
29	1112	189	172
30	1112	182	162
31	1112	336	284
32	1112	220	198
33	1112	37	32
34	1112	245	213
35	1112	254	219
36	1112	60	53
37	1112	450	392
38	1112	152	133
39	1112	232	202
40	1112	30	25
41	1112	199	179
42	1112	407	357
43	1112	832	724
44	1112	241	211
45	1112	79	72
46	1112	92	78
47	1112	21	19
48	1112	49	45
49	1112	155	137
50	1112	46282	41807
51	1112	202	167
52	1112	178	155
53	1112	400	345
54	1112	47	37
55	1112	173	156
56	1112	110	99
57	1112	33	26
58	1112	48	44
59	1112	29	20
60	1112	68	62
61	1112	142	118
62	1112	83	72
63	1112	99	94
64	1112	70	61
65	1112	28	25
66	1112	239	210
67	1112	133	111
68	1112	98	87
69	1112	115	94
70	1112	65	56
71	1112	239	211
72	1112	140	109
73	1112	29	25
74	1112	686	599
75	1112	488	426
76	1112	640	561
77	1112	523	466
78	1112	658	560
79	1112	455	397
80	1112	377	325
81	1112	58	46
82	1112	101	89
83	1112	34	23
84	1112	12	9
85	1112	71	63
86	1112	249	206
87	1112	203	170
88	1112	953	847
89	1112	69	53
90	1112	774	676
91	1112	156	119
92	1112	199	169
93	1112	269	237
94	1112	150	133
95	1112	206	177
96	1112	241	208
0	1113	624127	556340
1	1113	7	6
2	1113	123	99
3	1113	27	20
4	1113	28	27
5	1113	39	34
6	1113	5	3
8	1113	11	10
9	1113	513	469
10	1113	856	758
11	1113	628	556
12	1113	393	347
13	1113	53	45
14	1113	264	228
15	1113	603	536
16	1113	319	280
17	1113	42	37
18	1113	298	279
19	1113	408	376
20	1113	94	83
21	1113	145	125
22	1113	200	166
23	1113	196	172
24	1113	108	93
25	1113	46	42
26	1113	173	143
27	1113	178	121
28	1113	139	117
29	1113	197	168
30	1113	217	183
31	1113	375	314
32	1113	229	196
33	1113	39	32
34	1113	253	216
35	1113	263	228
36	1113	83	70
37	1113	428	352
38	1113	169	144
39	1113	245	204
40	1113	33	32
41	1113	189	173
42	1113	427	356
43	1113	918	784
44	1113	212	181
45	1113	84	75
46	1113	98	88
47	1113	28	25
48	1113	38	38
49	1113	122	108
50	1113	46604	41900
51	1113	196	167
52	1113	169	147
53	1113	364	324
54	1113	42	30
55	1113	165	160
56	1113	116	103
57	1113	35	30
58	1113	47	40
59	1113	31	22
60	1113	76	71
61	1113	143	122
62	1113	82	71
63	1113	76	61
64	1113	91	83
65	1113	24	22
66	1113	251	227
67	1113	120	102
68	1113	106	95
69	1113	129	116
70	1113	78	60
71	1113	267	240
72	1113	129	116
73	1113	32	27
74	1113	677	597
75	1113	500	434
76	1113	719	655
77	1113	517	477
78	1113	644	549
79	1113	417	351
80	1113	344	303
81	1113	57	52
82	1113	91	76
83	1113	38	29
84	1113	14	11
85	1113	66	59
86	1113	270	222
87	1113	213	184
88	1113	993	865
89	1113	62	50
90	1113	769	669
91	1113	149	123
92	1113	180	148
93	1113	299	276
94	1113	159	140
95	1113	203	180
96	1113	246	218
0	1114	624706	556453
1	1114	10	9
2	1114	113	99
3	1114	24	22
4	1114	33	31
5	1114	40	37
6	1114	10	10
7	1114	2	2
8	1114	6	5
9	1114	528	479
10	1114	847	760
11	1114	603	532
12	1114	323	272
13	1114	52	46
14	1114	256	216
15	1114	650	546
16	1114	307	259
17	1114	54	47
18	1114	295	268
19	1114	410	369
20	1114	107	89
21	1114	189	162
22	1114	188	162
23	1114	201	178
24	1114	146	127
25	1114	57	55
26	1114	177	146
27	1114	170	120
28	1114	137	117
29	1114	206	186
30	1114	213	184
31	1114	415	357
32	1114	233	202
33	1114	26	21
34	1114	259	215
35	1114	300	261
36	1114	78	72
37	1114	427	355
38	1114	145	126
39	1114	264	221
40	1114	38	35
41	1114	159	135
42	1114	381	337
43	1114	822	692
44	1114	247	211
45	1114	75	66
46	1114	82	70
47	1114	24	19
48	1114	36	34
49	1114	118	110
50	1114	46919	42272
51	1114	207	172
52	1114	155	139
53	1114	354	309
54	1114	37	23
55	1114	132	121
56	1114	98	91
57	1114	37	32
58	1114	38	30
59	1114	31	24
60	1114	83	73
61	1114	138	123
62	1114	77	66
63	1114	99	89
64	1114	73	67
65	1114	17	16
66	1114	257	232
67	1114	135	121
68	1114	76	69
69	1114	113	98
70	1114	80	74
71	1114	259	230
72	1114	150	127
73	1114	29	22
74	1114	695	594
75	1114	483	418
76	1114	622	557
77	1114	519	455
78	1114	627	537
79	1114	437	380
80	1114	358	305
81	1114	50	44
82	1114	106	90
83	1114	33	29
84	1114	13	13
85	1114	67	59
86	1114	254	210
87	1114	221	192
88	1114	982	877
89	1114	60	45
90	1114	767	646
91	1114	163	128
92	1114	207	186
93	1114	294	267
94	1114	141	127
95	1114	211	172
96	1114	275	235
0	2101	599856	558273
1	2101	4	4
2	2101	122	116
3	2101	20	16
4	2101	30	30
5	2101	51	45
6	2101	8	7
7	2101	4	3
8	2101	11	11
9	2101	578	531
10	2101	904	815
11	2101	620	569
12	2101	325	293
13	2101	77	66
14	2101	326	302
15	2101	919	819
16	2101	468	412
17	2101	73	68
18	2101	313	285
19	2101	404	368
20	2101	132	115
21	2101	225	218
22	2101	263	233
23	2101	294	269
24	2101	165	149
25	2101	76	65
26	2101	188	173
27	2101	196	163
28	2101	208	185
29	2101	254	230
30	2101	298	273
31	2101	455	418
32	2101	307	280
33	2101	51	47
34	2101	323	286
35	2101	398	363
36	2101	139	126
37	2101	520	467
38	2101	179	163
39	2101	324	287
40	2101	56	47
41	2101	232	208
42	2101	467	419
43	2101	1008	905
44	2101	255	229
45	2101	100	93
46	2101	105	98
47	2101	45	36
48	2101	70	62
49	2101	167	147
50	2101	44941	42166
51	2101	249	222
52	2101	207	185
53	2101	432	398
54	2101	43	30
55	2101	178	168
56	2101	115	103
57	2101	65	61
58	2101	52	45
59	2101	25	15
60	2101	94	89
61	2101	175	147
62	2101	65	55
63	2101	113	105
64	2101	119	104
65	2101	49	49
66	2101	274	243
67	2101	125	109
68	2101	121	111
69	2101	153	134
70	2101	98	83
71	2101	266	250
72	2101	177	165
73	2101	50	47
74	2101	870	788
75	2101	680	612
76	2101	735	671
77	2101	553	502
78	2101	967	833
79	2101	514	458
80	2101	491	449
81	2101	88	76
82	2101	129	114
83	2101	76	67
84	2101	21	18
85	2101	86	79
86	2101	329	289
87	2101	245	221
88	2101	1169	1054
89	2101	52	46
90	2101	861	799
91	2101	190	160
92	2101	232	203
93	2101	328	306
94	2101	176	163
95	2101	251	221
96	2101	327	304
0	2102	601916	560650
1	2102	7	7
2	2102	114	106
3	2102	19	15
4	2102	27	25
5	2102	42	38
6	2102	5	4
7	2102	4	3
8	2102	8	5
9	2102	507	463
10	2102	881	806
11	2102	590	544
12	2102	303	259
13	2102	83	75
14	2102	323	285
15	2102	926	835
16	2102	458	415
17	2102	58	54
18	2102	334	310
19	2102	385	357
20	2102	107	95
21	2102	232	209
22	2102	249	218
23	2102	275	245
24	2102	167	146
25	2102	79	69
26	2102	200	174
27	2102	179	146
28	2102	181	155
29	2102	228	214
30	2102	274	241
31	2102	438	395
32	2102	324	295
33	2102	54	44
34	2102	313	286
35	2102	400	358
36	2102	122	106
37	2102	512	456
38	2102	188	172
39	2102	361	319
40	2102	63	53
41	2102	253	231
42	2102	468	418
43	2102	909	823
44	2102	260	244
45	2102	107	99
46	2102	113	101
47	2102	44	38
48	2102	75	72
49	2102	162	149
50	2102	44971	42203
51	2102	240	223
52	2102	179	160
53	2102	466	419
54	2102	52	42
55	2102	178	164
56	2102	127	111
57	2102	49	40
58	2102	56	54
59	2102	27	19
60	2102	94	89
61	2102	144	125
62	2102	84	76
63	2102	99	89
64	2102	117	112
65	2102	39	35
66	2102	252	239
67	2102	144	127
68	2102	118	103
69	2102	153	142
70	2102	84	80
71	2102	259	239
72	2102	178	162
73	2102	32	29
74	2102	796	728
75	2102	643	581
76	2102	704	638
77	2102	595	537
78	2102	983	859
79	2102	496	440
80	2102	466	413
81	2102	72	64
82	2102	146	129
83	2102	53	49
84	2102	21	20
85	2102	94	78
86	2102	341	309
87	2102	272	245
88	2102	1164	1059
89	2102	60	56
90	2102	843	769
91	2102	160	126
92	2102	243	221
93	2102	313	294
94	2102	173	161
95	2102	265	233
96	2102	327	298
0	2103	604567	561624
1	2103	7	6
2	2103	115	106
3	2103	17	16
4	2103	21	20
5	2103	49	46
6	2103	10	9
7	2103	2	2
8	2103	4	4
9	2103	569	534
10	2103	864	788
11	2103	634	579
12	2103	349	307
13	2103	85	75
14	2103	329	285
15	2103	895	794
16	2103	466	419
17	2103	64	55
18	2103	340	313
19	2103	383	357
20	2103	150	135
21	2103	228	202
22	2103	242	205
23	2103	277	242
24	2103	155	136
25	2103	72	64
26	2103	211	188
27	2103	185	155
28	2103	168	154
29	2103	279	249
30	2103	269	236
31	2103	459	414
32	2103	274	239
33	2103	57	53
34	2103	332	297
35	2103	345	313
36	2103	127	111
37	2103	522	464
38	2103	193	178
39	2103	337	295
40	2103	52	46
41	2103	245	224
42	2103	466	426
43	2103	950	848
44	2103	240	220
45	2103	92	88
46	2103	98	90
47	2103	41	33
48	2103	58	55
49	2103	136	116
50	2103	45459	42619
51	2103	233	208
52	2103	214	192
53	2103	449	422
54	2103	56	45
55	2103	177	162
56	2103	121	107
57	2103	60	51
58	2103	52	48
59	2103	34	29
60	2103	92	84
61	2103	183	167
62	2103	62	55
63	2103	117	100
64	2103	91	79
65	2103	48	43
66	2103	257	234
67	2103	140	133
68	2103	98	89
69	2103	134	120
70	2103	95	87
71	2103	300	271
72	2103	170	159
73	2103	26	21
74	2103	788	710
75	2103	644	591
76	2103	715	651
77	2103	562	508
78	2103	939	796
79	2103	470	415
80	2103	471	418
81	2103	74	66
82	2103	112	98
83	2103	56	48
84	2103	20	20
85	2103	83	64
86	2103	346	321
87	2103	246	218
88	2103	1191	1067
89	2103	69	60
90	2103	839	765
91	2103	143	116
92	2103	236	212
93	2103	328	300
94	2103	178	162
95	2103	266	238
96	2103	310	284
0	2104	607489	563246
1	2104	17	17
2	2104	107	92
3	2104	26	23
4	2104	36	32
5	2104	33	30
6	2104	3	2
8	2104	4	3
9	2104	588	538
10	2104	908	817
11	2104	626	588
12	2104	382	341
13	2104	71	61
14	2104	311	275
15	2104	886	753
16	2104	419	362
17	2104	71	65
18	2104	310	287
19	2104	387	355
20	2104	136	119
21	2104	206	182
22	2104	249	225
23	2104	273	247
24	2104	162	145
25	2104	74	69
26	2104	196	171
27	2104	202	174
28	2104	167	149
29	2104	212	186
30	2104	247	219
31	2104	458	397
32	2104	285	254
33	2104	38	30
34	2104	323	298
35	2104	379	339
36	2104	117	111
37	2104	514	463
38	2104	208	195
39	2104	329	295
40	2104	57	49
41	2104	217	191
42	2104	463	418
43	2104	964	840
44	2104	275	244
45	2104	108	99
46	2104	103	95
47	2104	43	37
48	2104	67	64
49	2104	177	155
50	2104	45360	42434
51	2104	256	232
52	2104	218	205
53	2104	422	364
54	2104	52	41
55	2104	143	126
56	2104	102	91
57	2104	45	38
58	2104	49	45
59	2104	27	19
60	2104	95	87
61	2104	193	176
62	2104	71	63
63	2104	106	100
64	2104	101	89
65	2104	35	33
66	2104	269	247
67	2104	137	116
68	2104	126	106
69	2104	133	119
70	2104	90	83
71	2104	283	255
72	2104	161	140
73	2104	36	27
74	2104	820	717
75	2104	612	550
76	2104	728	650
77	2104	555	500
78	2104	910	802
79	2104	474	426
80	2104	446	408
81	2104	67	55
82	2104	100	84
83	2104	55	44
84	2104	18	18
85	2104	76	65
86	2104	329	302
87	2104	227	195
88	2104	1229	1092
89	2104	76	65
90	2104	828	755
91	2104	169	142
92	2104	230	202
93	2104	319	294
94	2104	185	169
95	2104	232	199
96	2104	311	275
0	2105	611386	565102
1	2105	8	7
2	2105	110	99
3	2105	20	16
4	2105	29	26
5	2105	48	44
6	2105	9	6
7	2105	5	5
8	2105	5	4
9	2105	577	516
10	2105	922	837
11	2105	623	570
12	2105	313	271
13	2105	59	53
14	2105	319	282
15	2105	924	814
16	2105	441	389
17	2105	64	55
18	2105	331	308
19	2105	381	348
20	2105	123	99
21	2105	199	179
22	2105	284	248
23	2105	254	228
24	2105	157	141
25	2105	65	60
26	2105	197	165
27	2105	175	147
28	2105	183	154
29	2105	234	214
30	2105	327	288
31	2105	442	391
32	2105	290	251
33	2105	47	41
34	2105	348	323
35	2105	335	300
36	2105	117	106
37	2105	512	445
38	2105	167	145
39	2105	334	305
40	2105	53	47
41	2105	208	175
42	2105	457	408
43	2105	1019	892
44	2105	281	252
45	2105	81	75
46	2105	111	99
47	2105	37	31
48	2105	74	71
49	2105	172	156
50	2105	45821	42750
51	2105	232	211
52	2105	211	188
53	2105	426	385
54	2105	59	45
55	2105	177	160
56	2105	107	92
57	2105	57	47
58	2105	75	68
59	2105	30	25
60	2105	97	91
61	2105	193	173
62	2105	87	77
63	2105	116	105
64	2105	120	98
65	2105	50	43
66	2105	247	231
67	2105	142	131
68	2105	103	92
69	2105	142	126
70	2105	87	78
71	2105	299	276
72	2105	185	164
73	2105	34	28
74	2105	849	766
75	2105	616	550
76	2105	712	649
77	2105	557	511
78	2105	917	791
79	2105	506	450
80	2105	453	405
81	2105	73	69
82	2105	107	92
83	2105	40	32
84	2105	21	20
85	2105	74	67
86	2105	338	305
87	2105	241	213
88	2105	1130	1009
89	2105	62	54
90	2105	897	809
91	2105	150	129
92	2105	244	222
93	2105	332	309
94	2105	168	148
95	2105	266	228
96	2105	303	275
0	2106	613869	567260
1	2106	8	8
2	2106	120	109
3	2106	15	15
4	2106	31	30
5	2106	60	55
6	2106	6	6
7	2106	3	3
8	2106	1	1
9	2106	546	497
10	2106	823	748
11	2106	642	577
12	2106	347	301
13	2106	59	53
14	2106	292	263
15	2106	833	735
16	2106	397	356
17	2106	70	62
18	2106	353	328
19	2106	405	367
20	2106	125	113
21	2106	178	160
22	2106	226	194
23	2106	256	233
24	2106	156	145
25	2106	72	65
26	2106	216	193
27	2106	158	133
28	2106	197	173
29	2106	240	215
30	2106	291	264
31	2106	435	371
32	2106	273	243
33	2106	43	40
34	2106	321	286
35	2106	341	306
36	2106	103	92
37	2106	495	421
38	2106	207	180
39	2106	304	274
40	2106	48	42
41	2106	251	226
42	2106	405	362
43	2106	924	813
44	2106	250	227
45	2106	101	97
46	2106	100	87
47	2106	30	28
48	2106	79	72
49	2106	154	139
50	2106	45825	42756
51	2106	221	190
52	2106	194	170
53	2106	421	372
54	2106	56	39
55	2106	160	145
56	2106	108	95
57	2106	51	47
58	2106	60	56
59	2106	27	20
60	2106	83	79
61	2106	186	162
62	2106	79	72
63	2106	91	82
64	2106	95	85
65	2106	40	37
66	2106	246	228
67	2106	153	134
68	2106	105	95
69	2106	140	128
70	2106	98	87
71	2106	266	249
72	2106	149	134
73	2106	35	29
74	2106	786	702
75	2106	622	561
76	2106	666	603
77	2106	491	438
78	2106	896	776
79	2106	480	433
80	2106	424	376
81	2106	65	57
82	2106	106	99
83	2106	46	38
84	2106	10	9
85	2106	72	65
86	2106	279	242
87	2106	212	189
88	2106	1156	1024
89	2106	80	70
90	2106	862	796
91	2106	160	126
92	2106	209	184
93	2106	312	289
94	2106	189	168
95	2106	236	194
96	2106	320	295
0	2107	618199	572529
1	2107	10	10
2	2107	91	83
3	2107	24	22
4	2107	34	34
5	2107	49	43
6	2107	7	7
7	2107	2	2
8	2107	7	5
9	2107	574	530
10	2107	837	743
11	2107	579	528
12	2107	339	297
13	2107	71	69
14	2107	287	261
15	2107	839	737
16	2107	398	364
17	2107	75	66
18	2107	313	283
19	2107	420	382
20	2107	113	100
21	2107	176	162
22	2107	227	203
23	2107	235	213
24	2107	154	136
25	2107	67	61
26	2107	212	190
27	2107	184	157
28	2107	199	171
29	2107	241	219
30	2107	266	239
31	2107	424	378
32	2107	268	236
33	2107	56	50
34	2107	340	305
35	2107	342	310
36	2107	109	92
37	2107	508	460
38	2107	174	149
39	2107	316	279
40	2107	43	39
41	2107	235	207
42	2107	411	373
43	2107	904	803
44	2107	239	209
45	2107	83	74
46	2107	119	105
47	2107	40	33
48	2107	78	75
49	2107	158	138
50	2107	46219	43222
51	2107	230	207
52	2107	212	191
53	2107	404	363
54	2107	45	37
55	2107	177	167
56	2107	109	105
57	2107	47	42
58	2107	59	51
59	2107	33	28
60	2107	77	73
61	2107	189	168
62	2107	66	56
63	2107	92	82
64	2107	104	95
65	2107	33	29
66	2107	265	237
67	2107	151	132
68	2107	103	93
69	2107	118	104
70	2107	112	106
71	2107	281	254
72	2107	154	140
73	2107	32	29
74	2107	749	657
75	2107	577	507
76	2107	696	605
77	2107	550	496
78	2107	835	726
79	2107	452	409
80	2107	463	417
81	2107	80	66
82	2107	115	106
83	2107	42	33
84	2107	19	18
85	2107	84	73
86	2107	279	246
87	2107	215	186
88	2107	1112	992
89	2107	67	60
90	2107	878	788
91	2107	154	129
92	2107	227	201
93	2107	291	269
94	2107	169	157
95	2107	264	230
96	2107	316	290
0	2108	621647	573783
1	2108	6	6
2	2108	105	99
3	2108	15	12
4	2108	27	26
5	2108	47	42
6	2108	9	7
7	2108	2	2
8	2108	6	4
9	2108	559	512
10	2108	828	757
11	2108	641	580
12	2108	329	293
13	2108	69	63
14	2108	272	253
15	2108	781	699
16	2108	392	346
17	2108	67	58
18	2108	284	260
19	2108	414	382
20	2108	126	112
21	2108	198	180
22	2108	230	203
23	2108	245	225
24	2108	129	114
25	2108	54	49
26	2108	181	152
27	2108	166	142
28	2108	147	128
29	2108	213	191
30	2108	261	242
31	2108	455	402
32	2108	301	260
33	2108	44	40
34	2108	320	283
35	2108	349	308
36	2108	108	93
37	2108	480	424
38	2108	187	177
39	2108	278	242
40	2108	49	46
41	2108	223	202
42	2108	425	378
43	2108	1000	884
44	2108	235	209
45	2108	80	70
46	2108	112	103
47	2108	37	34
48	2108	65	55
49	2108	160	140
50	2108	46445	43271
51	2108	235	207
52	2108	196	180
53	2108	436	396
54	2108	46	41
55	2108	161	146
56	2108	104	91
57	2108	43	38
58	2108	48	45
59	2108	28	24
60	2108	62	60
61	2108	164	145
62	2108	83	77
63	2108	91	80
64	2108	101	92
65	2108	39	35
66	2108	220	200
67	2108	131	106
68	2108	119	105
69	2108	140	120
70	2108	89	79
71	2108	270	245
72	2108	147	131
73	2108	40	39
74	2108	751	669
75	2108	577	525
76	2108	706	639
77	2108	530	490
78	2108	773	685
79	2108	480	424
80	2108	412	368
81	2108	66	60
82	2108	120	105
83	2108	48	43
84	2108	12	11
85	2108	89	83
86	2108	316	281
87	2108	218	194
88	2108	1125	994
89	2108	63	52
90	2108	825	749
91	2108	162	131
92	2108	253	232
93	2108	284	267
94	2108	198	182
95	2108	212	182
96	2108	300	274
0	2109	623309	574477
1	2109	3	3
2	2109	145	131
3	2109	27	25
4	2109	20	20
5	2109	31	28
6	2109	10	9
7	2109	2	2
8	2109	10	8
9	2109	571	527
10	2109	866	797
11	2109	603	543
12	2109	325	285
13	2109	69	63
14	2109	290	264
15	2109	750	646
16	2109	369	332
17	2109	65	58
18	2109	337	310
19	2109	427	392
20	2109	109	95
21	2109	181	166
22	2109	211	177
23	2109	239	208
24	2109	135	116
25	2109	57	52
26	2109	197	174
27	2109	137	116
28	2109	153	132
29	2109	207	192
30	2109	238	209
31	2109	408	345
32	2109	259	234
33	2109	31	29
34	2109	307	276
35	2109	358	319
36	2109	113	101
37	2109	524	467
38	2109	168	155
39	2109	318	286
40	2109	39	33
41	2109	237	213
42	2109	432	398
43	2109	937	820
44	2109	253	220
45	2109	87	79
46	2109	89	78
47	2109	34	27
48	2109	61	58
49	2109	133	121
50	2109	46862	43675
51	2109	238	207
52	2109	181	155
53	2109	413	373
54	2109	46	35
55	2109	162	154
56	2109	103	97
57	2109	49	42
58	2109	49	44
59	2109	31	26
60	2109	70	64
61	2109	160	141
62	2109	62	56
63	2109	117	99
64	2109	98	94
65	2109	34	24
66	2109	268	256
67	2109	130	118
68	2109	98	86
69	2109	139	118
70	2109	82	79
71	2109	285	261
72	2109	131	119
73	2109	32	28
74	2109	726	649
75	2109	578	500
76	2109	681	609
77	2109	524	477
78	2109	840	733
79	2109	458	415
80	2109	420	365
81	2109	58	48
82	2109	112	99
83	2109	33	29
84	2109	17	15
85	2109	72	65
86	2109	272	240
87	2109	217	197
88	2109	1042	931
89	2109	43	39
90	2109	842	770
91	2109	166	127
92	2109	233	214
93	2109	288	264
94	2109	178	162
95	2109	204	174
96	2109	291	258
0	2110	625605	577298
1	2110	6	6
2	2110	112	101
3	2110	22	21
4	2110	26	26
5	2110	46	39
6	2110	7	6
7	2110	1	1
8	2110	3	3
9	2110	517	475
10	2110	824	757
11	2110	614	558
12	2110	361	321
13	2110	54	51
14	2110	290	255
15	2110	689	623
16	2110	399	354
17	2110	45	43
18	2110	288	265
19	2110	390	352
20	2110	114	102
21	2110	186	164
22	2110	195	168
23	2110	248	229
24	2110	145	129
25	2110	65	63
26	2110	189	157
27	2110	139	118
28	2110	170	145
29	2110	216	192
30	2110	263	234
31	2110	441	397
32	2110	257	241
33	2110	39	36
34	2110	334	304
35	2110	312	268
36	2110	86	76
37	2110	471	427
38	2110	155	145
39	2110	308	281
40	2110	54	51
41	2110	208	184
42	2110	434	381
43	2110	919	810
44	2110	224	192
45	2110	84	79
46	2110	99	88
47	2110	44	37
48	2110	62	56
49	2110	165	153
50	2110	47201	43883
51	2110	247	218
52	2110	201	186
53	2110	414	363
54	2110	38	27
55	2110	151	140
56	2110	105	91
57	2110	36	32
58	2110	57	47
59	2110	30	23
60	2110	79	74
61	2110	157	148
62	2110	82	74
63	2110	86	76
64	2110	76	67
65	2110	31	28
66	2110	280	260
67	2110	118	104
68	2110	99	90
69	2110	135	122
70	2110	93	84
71	2110	250	222
72	2110	147	134
73	2110	36	33
74	2110	789	699
75	2110	544	480
76	2110	675	609
77	2110	560	516
78	2110	770	668
79	2110	438	378
80	2110	398	349
81	2110	59	55
82	2110	106	91
83	2110	43	39
84	2110	15	14
85	2110	73	63
86	2110	259	220
87	2110	220	190
88	2110	1112	997
89	2110	62	51
90	2110	813	748
91	2110	150	124
92	2110	218	193
93	2110	308	283
94	2110	150	137
95	2110	252	218
96	2110	283	254
0	2111	628948	578249
1	2111	8	7
2	2111	121	109
3	2111	16	13
4	2111	30	28
5	2111	41	36
6	2111	11	11
7	2111	4	4
8	2111	9	8
9	2111	546	490
10	2111	818	745
11	2111	642	577
12	2111	367	325
13	2111	69	60
14	2111	270	237
15	2111	721	625
16	2111	365	311
17	2111	61	53
18	2111	347	313
19	2111	382	358
20	2111	81	70
21	2111	162	139
22	2111	206	177
23	2111	239	212
24	2111	140	120
25	2111	58	52
26	2111	189	161
27	2111	149	124
28	2111	152	125
29	2111	200	183
30	2111	246	215
31	2111	385	339
32	2111	262	224
33	2111	40	36
34	2111	296	263
35	2111	292	257
36	2111	98	88
37	2111	525	461
38	2111	157	142
39	2111	291	253
40	2111	43	38
41	2111	226	205
42	2111	399	352
43	2111	896	793
44	2111	266	231
45	2111	84	74
46	2111	85	75
47	2111	41	38
48	2111	47	44
49	2111	129	119
50	2111	47369	43953
51	2111	212	182
52	2111	156	139
53	2111	402	352
54	2111	46	38
55	2111	164	150
56	2111	105	87
57	2111	38	34
58	2111	47	44
59	2111	27	20
60	2111	73	67
61	2111	147	133
62	2111	74	63
63	2111	96	86
64	2111	96	84
65	2111	25	22
66	2111	253	230
67	2111	145	138
68	2111	89	83
69	2111	116	100
70	2111	100	89
71	2111	289	260
72	2111	157	139
73	2111	32	26
74	2111	718	632
75	2111	542	474
76	2111	738	678
77	2111	508	457
78	2111	737	647
79	2111	470	416
80	2111	385	348
81	2111	69	56
82	2111	110	89
83	2111	30	24
84	2111	17	16
85	2111	84	76
86	2111	270	235
87	2111	240	218
88	2111	1061	942
89	2111	61	52
90	2111	802	718
91	2111	120	103
92	2111	203	187
93	2111	278	260
94	2111	179	163
95	2111	215	177
96	2111	266	233
0	2112	631435	579073
1	2112	9	8
2	2112	95	87
3	2112	22	19
4	2112	27	27
5	2112	45	38
6	2112	6	5
7	2112	2	2
8	2112	9	6
9	2112	562	519
10	2112	853	789
11	2112	570	507
12	2112	345	300
13	2112	67	61
14	2112	248	219
15	2112	663	576
16	2112	344	291
17	2112	56	48
18	2112	334	300
19	2112	405	368
20	2112	114	101
21	2112	163	149
22	2112	169	148
23	2112	231	206
24	2112	128	117
25	2112	80	70
26	2112	161	134
27	2112	188	137
28	2112	141	125
29	2112	183	161
30	2112	271	243
31	2112	400	357
32	2112	245	206
33	2112	42	39
34	2112	288	255
35	2112	296	261
36	2112	93	81
37	2112	494	435
38	2112	150	142
39	2112	255	227
40	2112	50	45
41	2112	220	202
42	2112	392	356
43	2112	925	815
44	2112	226	205
45	2112	91	81
46	2112	90	78
47	2112	18	16
48	2112	49	40
49	2112	164	146
50	2112	47547	43868
51	2112	194	171
52	2112	173	151
53	2112	409	364
54	2112	32	21
55	2112	175	162
56	2112	95	80
57	2112	62	57
58	2112	56	51
59	2112	20	15
60	2112	69	62
61	2112	156	135
62	2112	68	61
63	2112	95	89
64	2112	91	83
65	2112	33	30
66	2112	228	208
67	2112	135	123
68	2112	88	82
69	2112	128	116
70	2112	96	86
71	2112	269	241
72	2112	126	109
73	2112	24	24
74	2112	753	676
75	2112	536	471
76	2112	700	638
77	2112	536	489
78	2112	714	636
79	2112	431	385
80	2112	408	349
81	2112	68	65
82	2112	102	83
83	2112	35	28
84	2112	11	11
85	2112	83	77
86	2112	287	252
87	2112	214	178
88	2112	958	854
89	2112	79	72
90	2112	796	704
91	2112	151	115
92	2112	192	179
93	2112	292	267
94	2112	157	142
95	2112	232	203
96	2112	271	242
0	2113	635602	582691
1	2113	6	6
2	2113	115	107
3	2113	22	21
4	2113	30	28
5	2113	42	37
6	2113	6	5
7	2113	3	3
8	2113	7	5
9	2113	519	477
10	2113	922	844
11	2113	632	579
12	2113	355	313
13	2113	56	51
14	2113	260	222
15	2113	730	651
16	2113	339	300
17	2113	76	66
18	2113	330	316
19	2113	399	370
20	2113	107	95
21	2113	185	165
22	2113	206	176
23	2113	222	203
24	2113	117	108
25	2113	59	52
26	2113	187	167
27	2113	161	135
28	2113	139	119
29	2113	217	196
30	2113	228	200
31	2113	405	355
32	2113	233	204
33	2113	32	29
34	2113	282	259
35	2113	289	254
36	2113	92	83
37	2113	484	429
38	2113	155	142
39	2113	319	285
40	2113	31	25
41	2113	204	173
42	2113	429	384
43	2113	879	779
44	2113	235	217
45	2113	84	77
46	2113	99	90
47	2113	37	31
48	2113	50	48
49	2113	178	161
50	2113	48357	44574
51	2113	186	161
52	2113	165	151
53	2113	375	327
54	2113	36	30
55	2113	139	132
56	2113	104	91
57	2113	36	30
58	2113	50	49
59	2113	32	23
60	2113	52	50
61	2113	127	112
62	2113	68	58
63	2113	99	93
64	2113	95	85
65	2113	34	29
66	2113	249	229
67	2113	124	114
68	2113	93	87
69	2113	138	126
70	2113	69	64
71	2113	285	261
72	2113	146	130
73	2113	17	16
74	2113	716	629
75	2113	558	480
76	2113	711	648
77	2113	589	539
78	2113	735	641
79	2113	469	420
80	2113	384	336
81	2113	58	49
82	2113	107	95
83	2113	25	20
84	2113	16	16
85	2113	76	71
86	2113	242	216
87	2113	230	200
88	2113	1032	927
89	2113	65	53
90	2113	814	713
91	2113	165	141
92	2113	194	169
93	2113	290	271
94	2113	156	139
95	2113	199	174
96	2113	278	244
0	2114	635751	579683
1	2114	10	10
2	2114	107	100
3	2114	26	25
4	2114	32	32
5	2114	52	46
6	2114	11	9
7	2114	8	8
8	2114	7	5
9	2114	546	497
10	2114	845	777
11	2114	613	564
12	2114	347	310
13	2114	56	49
14	2114	265	233
15	2114	649	581
16	2114	313	262
17	2114	57	51
18	2114	319	296
19	2114	386	344
20	2114	111	100
21	2114	160	143
22	2114	218	189
23	2114	259	236
24	2114	123	117
25	2114	57	53
26	2114	182	154
27	2114	137	117
28	2114	159	141
29	2114	201	178
30	2114	224	195
31	2114	385	335
32	2114	234	211
33	2114	30	25
34	2114	275	240
35	2114	301	272
36	2114	97	87
37	2114	448	399
38	2114	166	146
39	2114	290	256
40	2114	38	35
41	2114	221	197
42	2114	432	391
43	2114	917	815
44	2114	277	245
45	2114	82	70
46	2114	104	96
47	2114	19	15
48	2114	40	39
49	2114	152	134
50	2114	48039	44183
51	2114	206	186
52	2114	198	171
53	2114	410	371
54	2114	38	29
55	2114	192	177
56	2114	95	83
57	2114	57	51
58	2114	36	33
59	2114	30	24
60	2114	76	71
61	2114	161	138
62	2114	71	63
63	2114	78	70
64	2114	95	84
65	2114	26	19
66	2114	238	214
67	2114	114	101
68	2114	80	75
69	2114	121	107
70	2114	86	82
71	2114	254	215
72	2114	164	146
73	2114	26	26
74	2114	768	698
75	2114	541	462
76	2114	655	614
77	2114	523	484
78	2114	711	635
79	2114	462	409
80	2114	402	348
81	2114	48	44
82	2114	108	88
83	2114	39	38
84	2114	12	10
85	2114	60	54
86	2114	252	214
87	2114	218	190
88	2114	1041	933
89	2114	63	53
90	2114	719	642
91	2114	158	117
92	2114	188	161
93	2114	285	263
94	2114	188	172
95	2114	245	202
96	2114	285	243
